# k edge energies in keV for atomic numbers 4 through 50
0.115 
0.188 
0.282 
0.397 
0.533 
0.692 
0.874 
1.080 
1.309 
1.562 
1.840 
2.143 
2.471 
2.824 
3.203 
3.607 
4.034 
4.486 
4.965 
5.463 
5.987 
6.537 
7.112 
7.712 
8.339 
8.993 
9.673 
10.386 
11.115 
11.877 
12.666 
13.483 
14.330 
15.202 
16.106 
17.037 
17.997 
18.985 
20.002 
21.048 
22.123 
23.229 
24.365 
25.531 
26.727 
27.953 
29.211 
30.50127
31.82429
33.17946
34.5665
35.99192
37.45023
38.93945
40.44657
41.99411
43.57527
45.18977
46.83902
48.52377
50.25167
51.9995
53.7923
55.6208
57.4874
59.3911
61.3333
63.3227
65.3520
67.4319
69.5330
71.6875
73.8840
76.1175
78.4042
80.7347
83.1113
85.5382
88.0128
90.5365
93.1099
95.7335
98.4081
101.1412
103.9277
106.7682
109.6582
112.6017
115.6081
115.6098
118.6742
121.7941
121.7954
124.9841
124.9848
128.2417
128.2428
131.5609
131.5614
134.9556
134.9569
134.9571
138.3999

