4086.1  21  Ka2  50 
4090.6  21  Ka1  100
4460.5  21 Kb13 15
4504.9  22  Ka2  50
4510.8  22  Ka1  100 
4931.8  22 Kb13 15
4944.6  23 Ka2  50 
4952.2  23 Ka1  100 
5405.5  24 Ka2  50
5414.7  24 Ka1  100
5427.3  23 Kb13 15
5887.6  25  Ka2  50
5898.8  25  Ka1  100
5946.7  24 Kb13 15
6390.8  26  Ka2  50
6403.8  26  Ka1  100
6490.4  25 Kb13 17
6915.3  27  Ka2  51 
6930.3  27  Ka1  100
7058.0  26 Kb13 17
7460.9  28  Ka2  51
7478.2  28  Ka1  100
7649.4  27  Kb13 17
8027.8  29  Ka2  51
8047.8  29  Ka1  100
8264.7  28 Kb13 17
8615.8  30  Ka2  51
8638.9  30  Ka1  100
8905.3  29 Kb13  17
9572.0  30  Kb13 17

